   6.1852498e-04
   1.4353192e-03
   2.3353839e-03
   1.2514985e-03
   1.4526410e-03
   5.8937378e-03
   4.1339136e-03
   1.4765041e-04
   2.2282946e-04
   4.8854422e-05
   4.4396600e-04
   6.5255201e-04
   2.7906576e-03
   2.7542394e-03
   4.6631220e-04
   3.0160274e-03
   1.5120269e-03
   1.3853734e-03
   7.8318137e-04
   1.8368041e-03
   2.2736640e-03
   3.1669874e-03
   6.3484398e-04
   3.8827022e-03
   2.8767498e-03
   3.4308509e-03
   8.9243854e-04
   1.4634994e-04
   6.6668926e-04
   7.4190899e-03
   1.5996860e-03
   1.0774381e-03
   1.0566361e-03
   1.3017412e-03
   2.5508937e-03
   6.8085054e-04
   6.9323905e-05
   1.0154112e-04
   7.4858478e-04
   6.5676774e-03
   1.8020967e-03
   2.1403837e-03
   1.4147822e-03
   4.0242626e-03
   8.4428200e-04
   4.2498589e-03
   6.3346560e-03
   3.1754382e-04
   1.0365151e-03
   2.6339486e-03
   3.3999886e-03
   5.0172222e-03
   7.9897694e-04
   8.1047929e-04
   5.1220955e-04
   1.4774484e-03
   1.1441243e-03
   1.8005279e-03
   2.4090999e-04
   1.7216683e-03
   7.7000564e-03
   1.4496955e-03
   1.7425100e-03
   6.7225095e-04
   7.9840798e-03
   2.4777292e-03
   5.4042085e-03
   3.5548788e-03
   2.9495414e-03
   4.8088965e-03
   1.9358768e-03
   1.0807590e-03
   1.0461735e-03
   1.0045098e-03
   2.3669380e-03
   1.4009342e-03
   2.7159787e-03
   2.7978301e-04
   3.8591222e-03
   1.7205965e-05
   5.7481589e-04
   4.5171767e-04
   7.0206587e-04
   1.4478112e-03
   8.0767210e-04
   1.6984225e-03
   1.3818089e-03
   4.8338050e-03
   2.4570080e-04
   6.7347221e-03
   6.7718881e-04
   6.2836651e-03
   4.3514748e-03
   1.1999330e-03
   4.1251594e-03
   1.1214964e-03
   1.1565688e-04
   2.0775275e-04
   3.5723476e-03
   5.2689981e-04
   2.8938958e-03
   5.9075067e-05
   1.8810385e-03
   2.4396365e-03
   8.6547636e-04
   5.9780920e-04
   2.3970107e-03
   1.1591014e-04
   2.6600801e-03
   6.5098594e-04
   3.3055989e-03
   1.4398735e-03
   4.9134110e-04
   1.6568180e-05
   4.8851975e-03
   2.0445164e-03
   2.1781186e-04
   3.9901664e-04
   8.3098819e-04
   3.0022793e-03
   1.0577911e-03
   1.2106043e-03
   1.5465817e-03
   6.1338678e-04
   3.0912488e-03
   1.4491559e-03
   2.0076202e-03
   4.4197021e-04
   3.3570497e-03
   1.0845349e-04
   3.0622791e-04
   1.0911830e-03
   1.0990043e-03
   3.2900426e-03
   1.4792448e-04
   1.9808874e-03
   9.0597935e-05
   5.9566363e-04
   2.1180034e-03
   2.0427171e-03
   5.1308074e-03
   3.4776271e-03
   9.0169147e-04
   2.6494863e-03
   5.1660161e-04
   1.5843882e-03
   5.2671094e-04
   9.3110149e-04
   2.7061291e-03
   4.5826302e-04
   1.6800396e-03
   2.9340383e-03
   1.9183316e-03
   3.4373783e-03
   2.2021733e-03
   3.0084380e-03
   2.0603870e-05
   4.2765446e-03
   1.2010294e-03
   8.9243194e-04
   8.2237482e-04
   1.0934962e-03
   1.7693854e-03
   5.3946538e-03
   3.8249238e-03
   6.5358283e-05
   8.1574626e-04
   2.9303906e-03
   6.0402680e-04
   1.3906538e-03
   2.6466790e-03
   8.8952008e-03
   1.8968459e-03
   6.6703806e-03
   1.5838117e-03
   4.9475357e-03
   6.9204565e-04
   1.5843868e-04
   3.4944583e-03
   6.8545418e-04
   8.7523904e-04
   1.5788986e-03
   9.8178311e-06
   4.7117842e-03
   2.8986863e-04
   1.1322604e-03
   1.5041781e-03
   3.2437715e-03
   1.1270457e-03
   1.0505974e-03
   3.4278787e-03
   1.2760057e-03
   8.0285540e-04
   3.2528018e-04
   1.9624484e-03
   1.1580947e-03
   4.2687927e-05
   3.3798985e-03
   6.6950878e-04
   1.2913727e-03
   7.6694793e-02
   1.1437599e-03
   1.8333285e-03
   6.2619951e-05
   3.9198412e-02
   3.1560713e-02
   1.6773509e-02
   1.5896985e-02
   7.0580644e-02
   3.9786637e-03
   6.8374397e-03
   5.6368907e-02
   1.1110797e-02
   1.1368555e-01
   1.5045989e-02
   7.3666523e-03
   2.2573597e-02
   6.1378231e-04
   1.0496083e-02
   2.2211281e-02
   6.7806148e-03
   8.7536895e-03
   4.0802475e-02
   4.5979648e-03
   1.5410559e-02
   3.1427776e-03
   3.1582151e-04
   2.3636080e-02
   2.4382070e-02
   8.7431874e-03
   1.1052731e-02
   3.3997945e-02
   4.3360785e-02
   2.6238970e-03
   4.6666355e-02
   2.3166439e-03
   2.0276564e-02
   1.6987686e-03
   1.6689088e-02
   1.2712175e-02
   6.4342785e-02
   1.7563136e-02
   1.4210969e-02
   9.0807296e-03
   1.9702650e-02
   5.2188172e-02
   1.2136665e-03
   1.8372622e-02
   3.7534786e-02
   7.0000965e-03
   3.2769379e-02
   1.9300935e-02
   1.1264361e-02
   5.1854877e-03
   3.4989400e-03
   6.6982367e-03
   1.1685671e-03
   1.7558604e-02
   1.5960043e-02
   9.5664678e-03
   6.8217274e-03
   9.1771939e-04
   1.8544887e-02
   5.5872153e-02
   6.8203919e-02
   8.4607843e-03
   4.5024666e-03
   2.7416611e-02
   1.3775052e-03
   9.4540671e-04
   8.1676451e-03
   4.2743382e-02
   3.0738652e-02
   3.0257863e-02
   2.2212928e-02
   4.2119538e-03
   1.1655769e-02
   2.0314202e-02
   1.2630905e-02
   5.6793099e-04
   1.1250840e-02
   2.4043837e-03
   6.5880965e-03
   1.9161220e-02
   3.0556454e-02
   1.3591162e-02
   3.5906592e-02
   4.9436918e-03
   7.9956975e-02
   4.0626736e-02
   8.6448322e-03
   5.0271595e-04
   3.6230120e-02
   8.2481829e-03
   3.4259676e-03
   2.9793069e-04
   8.6717170e-03
   1.0955798e-02
   4.5847402e-03
   4.4198931e-02
   1.3731160e-03
   2.7017190e-02
   8.1899416e-03
   1.1850944e-02
   2.5228595e-02
   3.8615395e-03
   4.5027331e-03
   7.1994338e-02
   5.2750163e-02
   5.4905570e-02
   3.7066013e-03
   1.1866427e-02
   4.2170066e-02
   1.5497902e-02
   5.1321797e-03
   7.8479912e-03
   2.2952561e-02
   3.4957843e-02
   1.7824270e-02
   1.2770647e-02
   5.1249858e-03
   1.9977321e-05
   2.1633728e-02
   1.0752313e-01
   1.5652077e-04
   6.1432319e-03
   1.7700932e-02
   4.2124097e-02
   2.8917446e-02
   1.4453779e-02
   3.5514550e-02
   3.9380708e-02
   2.6201472e-03
   7.1548634e-03
   5.6925484e-02
   3.8383946e-02
   5.2659036e-02
   7.5998647e-03
   7.0242086e-03
   9.8747821e-03
   4.8765167e-03
   3.0834747e-02
   3.2352493e-02
   3.9100023e-03
   3.6457265e-02
   7.2922784e-03
   4.5397300e-03
   2.0318247e-02
   7.1121113e-02
   4.0504993e-04
   6.8921066e-03
   1.7547577e-02
   1.7845261e-02
   9.0411246e-02
   1.4437630e-02
   2.3568510e-02
   5.0800739e-02
   1.5081351e-02
   5.2378956e-03
   2.1871677e-03
   2.5481177e-02
   9.4646867e-03
   9.9559768e-03
   2.8496862e-02
   2.3440075e-02
   2.6983665e-02
   2.2687948e-01
   1.5622581e-02
   5.0384641e-03
   1.9635893e-02
   1.3654107e-02
   1.6609409e-02
   1.8630813e-02
   1.1078949e-02
   3.9750831e-03
   4.1165847e-02
   1.3573044e-02
   1.4571963e-03
   1.4262110e-02
   7.7830604e-02
   2.8554963e-02
   4.8359980e-02
   6.9652603e-03
   1.5848892e-02
   6.1371920e-02
   4.6272253e-03
   1.5662914e-02
   1.7207965e-02
   6.6911347e-03
   4.2352374e-03
   6.6659940e-03
   1.2406803e-03
   1.2123768e-02
   8.4537853e-03
   9.3099255e-03
   3.0615778e-02
   8.8350818e-03
   1.6991238e-02
   1.2774503e-02
   3.4171079e-04
   3.1420479e-02
   9.2918388e-03
   4.1755319e-02
   4.3083754e-03
   1.3239325e-03
   2.0757562e-02
   2.0641023e-03
   5.7106644e-03
   4.5082083e-02
   1.7907911e-02
   7.4986186e-03
   5.7559891e-03
   1.8303985e-02
   4.9145028e-03
   7.4081432e-02
   2.8879205e-03
   6.0256738e-03
   4.9531377e-03
   4.2225795e-03
   7.8248132e-02
   2.8205532e-02
   1.1986035e-03
   2.6350497e-04
   5.2619956e-02
   2.2874607e-02
   1.0358804e-02
   1.1307142e-02
   6.3161943e-03
   2.8992597e-04
   3.4586575e-02
   8.2744448e-05
   2.3023311e-02
   1.0631031e-02
   5.5577596e-02
   1.7958182e-02
   8.8329811e-03
   1.7206421e-03
   3.5452685e-03
   2.1923573e-02
   3.7786239e-03
   5.1428180e-02
   7.3443776e-02
   9.1579265e-03
   1.8528422e-02
   2.1409873e-02
   2.6005617e-02
   3.9507828e-02
   2.8919155e-02
   1.4863724e-02
   1.8255099e-02
   8.6876938e-03
   2.6975223e-02
   9.1855379e-03
   1.1192462e-02
   5.8643471e-03
   9.5057967e-03
   8.0516452e-03
   3.1310370e-03
   3.3691711e-02
   9.3756458e-03
   3.9604911e-03
   5.2648087e-02
   2.7259536e-03
   3.0530398e-02
   6.7715841e-03
   2.9309357e-02
   6.2939523e-04
   8.0946063e-03
   4.4160949e-02
   2.6212627e-04
   3.7581119e-02
   1.8428935e-02
   4.5712045e-02
   1.5211803e-02
   3.2273913e-02
   8.2456446e-03
   1.5287176e-02
   1.6844096e-03
   2.2222550e-02
   1.4572956e-02
   1.3242097e-02
   3.4149526e-03
   4.0426464e-03
   3.1236758e-03
   5.8954356e-03
   6.2849587e-03
   2.4596896e-02
   1.7836606e-02
   6.4349722e-02
   3.9937542e-02
   3.7211127e-02
   1.3829000e-02
   7.0929210e-03
   3.9659321e-02
   2.0815690e-02
   9.9779477e-03
   5.8871923e-04
   5.8330037e-02
   3.3857583e-02
   1.1411523e-02
   1.6201999e-02
   3.4024401e-03
   3.8929161e-02
   1.3757481e-03
   7.7766276e-03
   2.0999653e-02
   3.2997812e-02
   1.6951633e-02
   3.1984173e-02
   2.6414178e-02
   4.0343808e-03
   2.8442986e-02
   1.7251593e-02
   3.3987640e-02
   2.4348535e-03
   3.2760522e-02
   3.3974928e-02
   1.2901282e-02
   2.5004966e-02
   1.0708347e-02
   1.3298553e-02
   2.7071127e-04
   1.5106377e-02
   3.7911677e-02
   5.4558584e-02
   1.1359805e-01
   1.9560598e-02
   2.7876804e-02
   4.3469940e-03
   2.7941021e-03
   5.7461792e-03
   7.0234302e-02
   4.5872450e-03
   1.9110671e-02
   2.5845696e-03
   5.7468157e-02
   4.6685676e-02
   6.2327280e-02
   5.9791690e-03
   2.4105114e-02
   3.3749107e-03
   1.2482444e-02
   1.8723983e-02
   1.9255788e-02
   5.6799631e-03
   1.0923663e-01
   2.6402170e-02
   5.9389187e-02
   1.9563837e-02
   2.3279661e-02
   2.4327916e-02
   4.0491062e-02
   2.4967444e-02
   7.5986225e-03
   6.6926626e-04
   2.4794867e-02
   1.6635926e-02
   1.0855607e-02
   3.8452847e-03
   1.9467719e-02
   1.0756496e-02
   4.4541742e-03
   1.1072825e-02
   2.9201211e-02
   1.5606142e-02
   5.5447611e-02
   8.7544410e-03
   2.0553237e-02
   2.1667745e-03
   1.7072657e-02
   6.9641765e-03
   4.9769615e-03
   2.3607113e-02
   5.6192662e-04
   2.9282447e-02
   7.3935064e-03
   3.8346353e-03
   2.1863575e-02
   2.9041888e-04
   1.3520647e-02
   2.2745389e-02
   3.8760972e-03
   1.4771597e-02
   2.0056533e-02
   3.3096814e-03
   3.2475486e-03
   9.3079474e-03
   4.6265188e-02
   4.0554123e-02
   4.2087229e-02
   7.2920807e-03
   1.2993642e-02
   1.0567860e-02
   1.8616208e-03
   1.8597087e-02
   6.8254828e-03
   8.2871070e-04
   2.2850820e-02
   1.5271464e-02
   6.7134521e-03
   1.5427191e-02
   1.0020078e-04
   3.2121132e-02
   7.3776727e-03
   6.6548292e-03
   3.8980627e-02
   6.9541259e-03
   4.6643727e-03
   1.5083974e-02
   6.2914336e-03
   2.0043654e-02
   5.8147349e-02
   1.4111698e-03
   4.0004029e-02
   2.2685176e-04
   3.1788290e-02
   1.0976707e-02
   1.7811208e-02
   3.8094566e-02
   3.6509294e-02
   2.2759949e-02
   2.8670671e-02
   1.5586902e-02
   1.9643239e-04
   9.1242725e-03
   1.9629268e-03
   3.7957937e-02
   1.4106369e-02
   3.0541331e-02
   4.3284098e-02
   2.4165206e-02
   1.9098120e-03
   1.1366589e-02
   1.5009415e-02
   4.2439796e-02
   9.5401454e-03
   2.4409883e-02
   1.4845426e-02
   2.0985998e-02
   1.3104078e-02
   2.9306764e-03
   1.1804554e-02
   2.3056344e-02
   1.9442701e-02
   2.1637159e-02
   1.3398139e-02
   2.8202766e-03
   4.7097134e-02
   5.2987166e-03
   4.2457711e-05
   8.8629933e-03
   1.3036799e-02
   8.0468495e-02
   2.5053728e-04
   3.2021470e-04
   1.7978166e-02
   6.3211317e-03
   3.0323142e-02
   4.6474430e-04
   9.8271881e-03
   1.1970460e-02
   1.1723375e-02
   3.6322457e-02
   3.9014634e-03
   1.3726678e-02
   5.9079003e-03
   2.9945987e-03
   3.1289404e-02
   4.2412433e-05
   4.5250446e-05
   2.4615309e-02
   1.9992313e-02
   1.1473478e-02
   1.4776281e-03
   2.4583953e-02
   5.1831758e-04
   5.4609698e-02
   8.4222306e-02
   2.5390369e-02
   2.4640490e-02
   1.0894145e-02
   3.7988293e-03
   1.7852480e-02
   1.7918032e-02
   2.3781654e-02
   4.4582236e-02
   1.9754295e-02
   1.1747006e-03
   4.4358301e-03
   4.9328457e-02
   3.6013693e-02
   2.1549119e-02
   3.4700718e-02
   2.1266039e-02
   2.7036026e-02
   5.1905258e-03
   1.7606081e-03
   1.7004310e-02
   4.0714424e-02
   5.7041379e-02
   1.4099210e-02
   7.0802661e-02
   2.1161855e-03
   2.7830758e-05
   4.3438992e-04
   4.1053949e-02
   6.3914405e-02
   1.0593749e-02
   1.4027549e-02
   4.4468076e-02
   2.5633875e-02
   4.8037754e-03
   1.9701494e-02
   9.6566135e-05
   7.8504895e-03
   1.6366202e-02
   9.7855040e-03
   4.3577285e-02
   2.6197447e-02
   5.0694935e-03
   1.4971787e-02
   8.6870475e-03
   5.1852825e-03
   1.7581764e-02
   6.8416999e-03
   3.0719868e-03
   7.4961380e-05
   1.6811328e-03
   5.0448179e-03
   2.5924476e-04
   1.7278132e-03
   2.5620705e-02
   2.0628771e-02
   2.0300618e-02
   2.6291623e-02
   2.8221127e-02
   5.1877028e-02
   7.4706999e-03
   1.0186617e-02
   7.8300886e-03
   2.9712056e-03
   2.4686222e-02
   1.7466496e-02
   5.0497304e-03
   1.2366571e-02
   2.1542505e-03
   2.8056409e-03
   1.1205655e-02
   3.4662827e-03
   2.4910394e-02
   1.9031877e-02
   1.9448994e-02
   2.0642337e-02
   2.3154126e-02
   1.3892563e-02
   7.3082719e-03
   7.0573852e-04
   4.6453066e-03
   6.8754654e-03
   4.2543571e-04
   3.2363188e-02
   4.8867688e-03
   2.2812912e-03
   7.3606917e-02
   2.5834528e-02
   9.0816207e-02
   3.9228154e-02
   1.5972807e-02
   1.1466313e-02
   4.3662317e-02
   7.2065101e-03
   1.1233118e-02
   1.9791101e-02
   1.9824506e-03
   5.7588310e-03
   1.1918554e-03
   1.8888343e-02
   2.9484595e-02
   3.3994057e-03
   5.8971542e-03
   1.2702218e-02
   2.1070760e-02
   2.2056960e-02
   2.9540164e-02
   7.8215759e-02
   2.0864827e-02
   4.0312480e-02
   2.7986810e-02
   1.6173392e-02
   1.4241357e-03
   3.0402789e-02
   1.1929128e-02
   2.2766575e-03
   2.1411079e-04
   4.2650190e-02
   1.5070815e-02
   3.5432928e-04
   1.3870176e-03
   7.2019845e-03
   5.4511435e-03
   2.0396702e-02
   6.7974213e-02
   5.6677408e-03
   1.0166734e-02
   3.7645378e-02
   2.3096231e-02
   3.3609714e-03
   2.8069896e-02
   1.4066006e-03
   8.7280729e-03
   4.5919823e-03
   2.9715518e-02
   2.7153800e-02
   6.2584285e-03
   8.5500901e-02
   4.1384864e-03
   2.1581960e-02
   1.2848219e-02
   9.7847839e-03
   5.8299032e-02
   1.8589237e-03
   9.0197042e-03
   8.5892689e-04
   5.3824017e-03
   6.7675799e-02
   1.8907408e-02
   2.9419758e-02
   2.1861599e-02
   1.8668898e-03
   3.2022882e-03
   1.0424484e-03
   1.7170868e-02
   9.8701656e-02
   5.5410552e-03
   5.5836156e-03
   1.9028588e-03
   5.0995212e-02
   8.2759777e-03
   4.1301656e-03
   1.6550468e-02
   8.0655333e-03
   1.3090154e-02
   4.2486615e-03
   1.1197090e-02
   1.2281302e-02
   1.7290198e-02
   4.9357012e-02
   9.1403656e-03
   2.1831046e-02
   5.0880730e-02
   6.5258496e-04
   5.4438709e-02
   1.9816440e-02
   3.2788447e-02
   3.7761054e-02
   5.2980005e-02
   7.1125945e-02
   2.7132184e-02
   1.2560298e-02
   2.4907038e-03
   4.4270502e-03
   4.2835516e-02
   1.2302478e-02
   1.0629668e-02
   3.0624948e-02
   1.3775534e-02
   1.1258327e-02
   4.0812902e-02
   5.2738093e-02
   2.4469132e-02
   2.2677808e-02
   3.7613681e-03
   2.4864831e-03
   9.0614672e-03
   7.8826518e-03
   2.0174299e-03
   9.5606945e-03
   5.8808075e-03
   1.4288486e-02
   1.1734930e-03
   5.0184482e-04
   1.0919598e-03
   5.5548148e-03
   3.2547560e-02
   4.2369473e-03
   3.7910868e-02
   1.3451917e-02
   2.6880558e-02
   4.2804742e-03
   1.1553101e-02
   2.7366031e-02
   5.3809675e-02
   7.5575524e-03
   4.2162244e-02
   3.8402041e-02
   2.8594119e-03
   5.4466739e-04
   1.6546460e-02
   4.5775665e-02
   2.9013492e-03
   3.3567379e-02
   3.1973643e-03
   5.6250833e-03
   1.3771948e-02
   2.0009418e-02
   4.2365963e-03
   4.4819336e-04
   1.4141748e-02
   2.7877551e-02
   3.6191822e-02
   5.8277621e-02
   8.1022140e-03
   8.6309166e-03
   1.3459526e-02
   6.4829158e-02
   4.2211054e-03
   2.5171946e-02
   6.2470162e-02
   1.0544912e-02
   2.7176264e-02
   7.1663183e-02
   2.1710230e-02
   8.9847597e-03
   1.9675496e-02
   1.2822624e-02
   4.8543208e-02
   1.3065457e-02
   5.0232573e-02
   6.9747221e-03
   1.7901872e-02
   1.8510677e-02
   4.0644786e-03
   5.5736309e-03
   1.0802360e-02
   3.9297388e-03
   2.9564360e-03
   1.8654243e-02
   1.1121794e-02
   1.4034053e-02
   3.4025284e-02
   9.2540869e-03
   1.0101583e-02
   1.3081724e-03
   1.3262997e-02
   4.3890344e-02
   4.1517192e-02
   5.3653956e-03
   2.3240352e-02
   4.1835529e-03
   2.2000974e-02
   2.0707507e-03
   2.8406459e-02
   1.4868755e-02
   2.9275584e-02
   1.4113940e-02
   3.0617942e-03
   3.1690947e-02
   3.1283080e-03
   8.4921508e-02
   2.2595067e-02
   6.1615507e-03
   2.5092559e-02
   4.8331138e-03
   1.0750255e-02
   6.2377944e-02
   2.3343238e-02
   1.0834680e-03
   1.6694274e-02
   1.6171503e-02
   1.5619456e-02
   3.2303926e-02
   5.2131525e-03
   2.1085741e-02
   1.6188969e-02
   3.6839127e-02
   2.7149107e-02
   1.2349840e-02
   2.9877823e-02
   2.2423701e-02
   3.1828648e-02
   6.3997831e-03
   2.8104845e-02
   3.7901611e-02
   2.1967327e-02
   5.3618555e-02
   2.4322215e-03
   3.1698663e-02
   3.6221634e-02
   4.0060217e-04
   1.6108003e-04
   5.2772541e-02
   5.6679843e-02
   2.5819407e-03
   2.3371821e-02
   2.0247080e-03
   1.1137208e-02
   9.2384668e-03
   6.4342234e-03
   2.7576360e-04
   2.0872549e-02
